time,per. metric/s,metric total,overall metric/s,per. row/s,row total,overall row/s
1704813831,2169732.64,2.170000E+07,2169732.64,216973.26,2.170000E+06,216973.26
1704813841,1490117.24,3.660000E+07,1829959.24,149011.72,3.660000E+06,182995.92
1704813851,2599967.31,6.260000E+07,2086626.94,259996.73,6.260000E+06,208662.69
1704813861,2510015.36,8.770000E+07,2192472.04,251001.54,8.770000E+06,219247.20
1704813871,1499966.63,1.027000E+08,2053969.91,149996.66,1.027000E+07,205396.99
1704813881,1790059.88,1.206000E+08,2009986.67,179005.99,1.206000E+07,200998.67
1704813891,1729915.53,1.379000E+08,1969975.06,172991.55,1.379000E+07,196997.51
1704813901,1848592.75,1.564000E+08,1954792.33,184859.27,1.564000E+07,195479.23
1704813911,1941422.85,1.758000E+08,1953307.94,194142.28,1.758000E+07,195330.79
1704813921,1469988.53,1.905000E+08,1904976.23,146998.85,1.905000E+07,190497.62
1704813931,1980126.31,2.103000E+08,1911807.58,198012.63,2.103000E+07,191180.76
1704813941,1960064.09,2.299000E+08,1915828.81,196006.41,2.299000E+07,191582.88
1704813951,2319801.82,2.531000E+08,1946906.04,231980.18,2.531000E+07,194690.60
1704813961,1350007.09,2.666000E+08,1904270.96,135000.71,2.666000E+07,190427.10
1704813971,1990054.77,2.865000E+08,1909989.69,199005.48,2.865000E+07,190998.97
1704813981,2080071.52,3.073000E+08,1920619.41,208007.15,3.073000E+07,192061.94
1704813991,2079844.09,3.281000E+08,1929986.20,207984.41,3.281000E+07,192998.62
1704814001,1720114.59,3.453000E+08,1918327.48,172011.46,3.453000E+07,191832.75
1704814011,1499939.50,3.603000E+08,1896306.28,149993.95,3.603000E+07,189630.63
1704814021,1640109.00,3.767000E+08,1883497.29,164010.90,3.767000E+07,188349.73
1704814031,1889980.15,3.956000E+08,1883806.00,188998.01,3.956000E+07,188380.60
1704814041,2190024.91,4.175000E+08,1897724.86,219002.49,4.175000E+07,189772.49
1704814051,1799864.52,4.355000E+08,1893469.76,179986.45,4.355000E+07,189346.98
1704814061,1979956.35,4.553000E+08,1897073.43,197995.64,4.553000E+07,189707.34
1704814071,1709998.40,4.724000E+08,1889590.46,170999.84,4.724000E+07,188959.05
1704814081,2140174.62,4.938000E+08,1899227.51,214017.46,4.938000E+07,189922.75
1704814091,2000013.65,5.138000E+08,1902960.30,200001.36,5.138000E+07,190296.03
1704814101,1509862.51,5.289000E+08,1888919.88,150986.25,5.289000E+07,188891.99
1704814111,1790148.84,5.468000E+08,1885514.27,179014.88,5.468000E+07,188551.43
1704814121,1619997.91,5.630000E+08,1876663.73,161999.79,5.630000E+07,187666.37
1704814131,1940036.63,5.824000E+08,1878707.97,194003.66,5.824000E+07,187870.80
1704814141,2119884.50,6.036000E+08,1886245.13,211988.45,6.036000E+07,188624.51
1704814151,1929910.82,6.229000E+08,1887568.39,192991.08,6.229000E+07,188756.84
1704814161,2250125.79,6.454000E+08,1898231.22,225012.58,6.454000E+07,189823.12
1704814171,2129975.78,6.667000E+08,1904852.56,212997.58,6.667000E+07,190485.26
1704814181,1750075.86,6.842000E+08,1900553.40,175007.59,6.842000E+07,190055.34
1704814191,2379916.85,7.080000E+08,1913509.59,237991.69,7.080000E+07,191350.96
1704814201,2110099.40,7.291000E+08,1918682.76,211009.94,7.291000E+07,191868.28
1704814211,1699940.78,7.461000E+08,1913073.80,169994.08,7.461000E+07,191307.38
1704814221,2069954.81,7.668000E+08,1916995.91,206995.48,7.668000E+07,191699.59
1704814231,2449986.19,7.913000E+08,1929995.71,244998.62,7.913000E+07,192999.57
1704814241,2070046.17,8.120000E+08,1933330.17,207004.62,8.120000E+07,193333.02
1704814251,2619990.50,8.382000E+08,1949299.04,261999.05,8.382000E+07,194929.90
1704814261,2189958.22,8.601000E+08,1954768.66,218995.82,8.601000E+07,195476.87
1704814271,1979929.91,8.799000E+08,1955327.82,197992.99,8.799000E+07,195532.78
1704814281,1940145.91,8.993000E+08,1954997.81,194014.59,8.993000E+07,195499.78
1704814291,2259123.12,9.219000E+08,1961471.01,225912.31,9.219000E+07,196147.10
1704814301,2630824.60,9.482000E+08,1975411.47,263082.46,9.482000E+07,197541.15
1704814311,1760133.45,9.658000E+08,1971018.37,176013.34,9.658000E+07,197101.84
1704814321,2459985.96,9.904000E+08,1980797.77,245998.60,9.904000E+07,198079.78
1704814331,2360040.48,1.014000E+09,1988233.77,236004.05,1.014000E+08,198823.38
1704814341,1789952.08,1.031900E+09,1984420.56,178995.21,1.031900E+08,198442.06
1704814351,2250025.75,1.054400E+09,1989431.92,225002.58,1.054400E+08,198943.19
1704814361,2209837.06,1.076500E+09,1993513.79,220983.71,1.076500E+08,199351.38
1704814371,2130149.64,1.097800E+09,1995997.90,213014.96,1.097800E+08,199599.79
1704814381,2050063.32,1.118300E+09,1996963.32,205006.33,1.118300E+08,199696.33
1704814391,1749914.32,1.135800E+09,1992628.92,174991.43,1.135800E+08,199262.89
1704814401,2150057.44,1.157300E+09,1995343.13,215005.74,1.157300E+08,199534.31
1704814411,1440033.44,1.171700E+09,1985931.33,144003.34,1.171700E+08,198593.13
1704814421,2039958.84,1.192100E+09,1986831.80,203995.88,1.192100E+08,198683.18
1704814431,1719928.78,1.209300E+09,1982456.17,171992.88,1.209300E+08,198245.62
1704814441,2079902.16,1.230100E+09,1984027.95,207990.22,1.230100E+08,198402.79
1704814451,1640161.12,1.246500E+09,1978570.28,164016.11,1.246500E+08,197857.03
1704814461,2059823.45,1.267100E+09,1979839.97,205982.35,1.267100E+08,197984.00
1704814471,1850103.28,1.285600E+09,1977844.14,185010.33,1.285600E+08,197784.41

Summary:
loaded 1296000000 metrics in 654.123sec with 4 workers (mean rate 1981278.43 metrics/sec)
loaded 129600000 rows in 654.123sec with 4 workers (mean rate 198127.84 rows/sec)