time,per. metric/s,metric total,overall metric/s,per. row/s,row total,overall row/s
1704813788,499770.50,5.000000E+06,499770.50,49977.05,5.000000E+05,49977.05
1704813798,530189.10,1.030000E+07,514973.60,53018.91,1.030000E+06,51497.36
1704813808,550032.90,1.580000E+07,526659.16,55003.29,1.580000E+06,52665.92
1704813818,400002.57,1.980000E+07,494995.51,40000.26,1.980000E+06,49499.55
1704813828,500016.14,2.480000E+07,495999.60,50001.61,2.480000E+06,49599.96
1704813838,589975.56,3.070000E+07,511662.79,58997.56,3.070000E+06,51166.28
1704813848,509984.36,3.580000E+07,511423.01,50998.44,3.580000E+06,51142.30
1704813858,530012.03,4.110000E+07,513746.57,53001.20,4.110000E+06,51374.66
1704813868,489806.92,4.600000E+07,511085.69,48980.69,4.600000E+06,51108.57
1704813878,500204.53,5.100000E+07,509998.03,50020.45,5.100000E+06,50999.80
1704813888,489969.89,5.590000E+07,508177.19,48996.99,5.590000E+06,50817.72
1704813898,520028.27,6.110000E+07,509164.72,52002.83,6.110000E+06,50916.47
1704813908,419998.19,6.530000E+07,502305.76,41999.82,6.530000E+06,50230.58
1704813918,439975.36,6.970000E+07,497853.37,43997.54,6.970000E+06,49785.34
1704813928,420028.80,7.390000E+07,492665.43,42002.88,7.390000E+06,49266.54
1704813938,509991.49,7.900000E+07,493748.33,50999.15,7.900000E+06,49374.83
1704813948,460003.81,8.360000E+07,491763.38,46000.38,8.360000E+06,49176.34
1704813958,540007.34,8.900000E+07,494443.56,54000.73,8.900000E+06,49444.36
1704813968,509989.05,9.410000E+07,495261.76,50998.91,9.410000E+06,49526.18
1704813978,529986.58,9.940000E+07,496998.03,52998.66,9.940000E+06,49699.80
1704813988,519810.63,1.046000E+08,498084.72,51981.06,1.046000E+07,49808.47
1704813998,550181.93,1.101000E+08,500451.98,55018.19,1.101000E+07,50045.20
1704814008,540014.13,1.155000E+08,502172.02,54001.41,1.155000E+07,50217.20
1704814018,500024.47,1.205000E+08,502082.55,50002.45,1.205000E+07,50208.25
1704814028,509790.01,1.256000E+08,502390.97,50979.00,1.256000E+07,50239.10
1704814038,380145.00,1.294000E+08,497691.00,38014.50,1.294000E+07,49769.10
1704814048,490023.35,1.343000E+08,497407.03,49002.33,1.343000E+07,49740.70
1704814058,509955.54,1.394000E+08,497855.23,50995.55,1.394000E+07,49785.52
1704814068,550035.34,1.449000E+08,499654.42,55003.53,1.449000E+07,49965.44
1704814078,520001.64,1.501000E+08,500332.66,52000.16,1.501000E+07,50033.27
1704814088,549975.70,1.556000E+08,501934.12,54997.57,1.556000E+07,50193.41
1704814098,530032.32,1.609000E+08,502812.13,53003.23,1.609000E+07,50281.21
1704814108,480003.28,1.657000E+08,502120.96,48000.33,1.657000E+07,50212.10
1704814118,530004.83,1.710000E+08,502941.07,53000.48,1.710000E+07,50294.11
1704814128,569947.08,1.767000E+08,504855.69,56994.71,1.767000E+07,50485.57
1704814138,370008.63,1.804000E+08,501110.04,37000.86,1.804000E+07,50111.00
1704814148,399999.42,1.844000E+08,498377.32,39999.94,1.844000E+07,49837.73
1704814158,430019.28,1.887000E+08,496578.51,43001.93,1.887000E+07,49657.85
1704814168,549960.33,1.942000E+08,497947.37,54996.03,1.942000E+07,49794.74
1704814178,430018.49,1.985000E+08,496249.22,43001.85,1.985000E+07,49624.92
1704814188,370007.06,2.022000E+08,493170.21,37000.71,2.022000E+07,49317.02
1704814198,409992.18,2.063000E+08,491189.74,40999.22,2.063000E+07,49118.97
1704814208,459999.58,2.109000E+08,490464.39,45999.96,2.109000E+07,49046.44
1704814218,319988.70,2.141000E+08,486589.81,31998.87,2.141000E+07,48658.98
1704814228,380007.93,2.179000E+08,484221.38,38000.79,2.179000E+07,48422.14
1704814238,440004.18,2.223000E+08,483260.15,44000.42,2.223000E+07,48326.01
1704814248,559982.33,2.279000E+08,484892.58,55998.23,2.279000E+07,48489.26
1704814258,460042.43,2.325000E+08,484374.92,46004.24,2.325000E+07,48437.49
1704814268,539991.50,2.379000E+08,485509.97,53999.15,2.379000E+07,48551.00
1704814278,469990.10,2.426000E+08,485199.57,46999.01,2.426000E+07,48519.96
1704814288,499977.98,2.476000E+08,485489.35,49997.80,2.476000E+07,48548.94
1704814298,500008.17,2.526000E+08,485768.55,50000.82,2.526000E+07,48576.86
1704814308,480025.50,2.574000E+08,485660.20,48002.55,2.574000E+07,48566.02
1704814318,459990.52,2.620000E+08,485184.83,45999.05,2.620000E+07,48518.48
1704814328,479973.13,2.668000E+08,485090.06,47997.31,2.668000E+07,48509.01
1704814338,560048.91,2.724000E+08,486428.50,56004.89,2.724000E+07,48642.85
1704814348,509985.61,2.775000E+08,486841.79,50998.56,2.775000E+07,48684.18
1704814358,510002.65,2.826000E+08,487241.11,51000.27,2.826000E+07,48724.11
1704814368,489995.77,2.875000E+08,487287.80,48999.58,2.875000E+07,48728.78
1704814378,550004.45,2.930000E+08,488333.07,55000.45,2.930000E+07,48833.31
1704814388,459996.83,2.976000E+08,487868.54,45999.68,2.976000E+07,48786.85
1704814398,579984.38,3.034000E+08,489354.32,57998.44,3.034000E+07,48935.43
1704814408,470005.32,3.081000E+08,489047.20,47000.53,3.081000E+07,48904.72
1704814418,409978.10,3.122000E+08,487811.68,40997.81,3.122000E+07,48781.17
1704814428,490031.62,3.171000E+08,487845.83,49003.16,3.171000E+07,48784.58
1704814438,519979.29,3.223000E+08,488332.72,51997.93,3.223000E+07,48833.27
1704814448,540014.32,3.277000E+08,489104.06,54001.43,3.277000E+07,48910.41
1704814458,399992.32,3.317000E+08,487793.57,39999.23,3.317000E+07,48779.36
1704814468,449987.03,3.362000E+08,487245.64,44998.70,3.362000E+07,48724.56
1704814478,410033.22,3.403000E+08,486142.69,41003.32,3.403000E+07,48614.27
1704814488,479986.90,3.451000E+08,486055.99,47998.69,3.451000E+07,48605.60
1704814498,539996.69,3.505000E+08,486805.17,53999.67,3.505000E+07,48680.52
1704814508,419999.82,3.547000E+08,485890.03,41999.98,3.547000E+07,48589.00
1704814518,380008.64,3.585000E+08,484459.23,38000.86,3.585000E+07,48445.92
1704814528,420002.29,3.627000E+08,483599.81,42000.23,3.627000E+07,48359.98
1704814538,520002.87,3.679000E+08,484078.79,52000.29,3.679000E+07,48407.88
1704814548,539980.70,3.733000E+08,484804.82,53998.07,3.733000E+07,48480.48
1704814558,479981.33,3.781000E+08,484742.98,47998.13,3.781000E+07,48474.30
1704814568,480031.63,3.829000E+08,484683.34,48003.16,3.829000E+07,48468.33
1704814578,510004.35,3.880000E+08,484999.85,51000.44,3.880000E+07,48499.99
1704814588,529961.38,3.933000E+08,485554.97,52996.14,3.933000E+07,48555.50
1704814598,460003.29,3.979000E+08,485243.37,46000.33,3.979000E+07,48524.34
1704814608,560008.52,4.035000E+08,486144.14,56000.85,4.035000E+07,48614.41
1704814618,550003.17,4.090000E+08,486904.36,55000.32,4.090000E+07,48690.44
1704814628,600008.37,4.150000E+08,488234.98,60000.84,4.150000E+07,48823.50
1704814638,489976.30,4.199000E+08,488255.23,48997.63,4.199000E+07,48825.52
1704814648,480021.94,4.247000E+08,488160.60,48002.19,4.247000E+07,48816.06
1704814658,480003.63,4.295000E+08,488067.90,48000.36,4.295000E+07,48806.79
1704814668,550021.37,4.350000E+08,488763.98,55002.14,4.350000E+07,48876.40
1704814678,589973.12,4.409000E+08,489888.58,58997.31,4.409000E+07,48988.86
1704814688,520015.41,4.461000E+08,490219.63,52001.54,4.461000E+07,49021.96
1704814698,560011.91,4.517000E+08,490978.23,56001.19,4.517000E+07,49097.82
1704814708,519992.49,4.569000E+08,491290.22,51999.25,4.569000E+07,49129.02
1704814718,499978.53,4.619000E+08,491382.65,49997.85,4.619000E+07,49138.26
1704814728,499985.97,4.669000E+08,491473.21,49998.60,4.669000E+07,49147.32
1704814738,550019.88,4.724000E+08,492083.05,55001.99,4.724000E+07,49208.31
1704814748,460012.07,4.770000E+08,491752.43,46001.21,4.770000E+07,49175.24
1704814758,489963.17,4.819000E+08,491734.17,48996.32,4.819000E+07,49173.42
1704814768,430042.15,4.862000E+08,491111.08,43004.21,4.862000E+07,49111.11
1704814778,389983.66,4.901000E+08,490099.76,38998.37,4.901000E+07,49009.98
1704814788,520013.26,4.953000E+08,490395.93,52001.33,4.953000E+07,49039.59
1704814798,399999.60,4.993000E+08,489509.69,39999.96,4.993000E+07,48950.97
1704814808,469980.80,5.040000E+08,489320.08,46998.08,5.040000E+07,48932.01
1704814818,549986.11,5.095000E+08,489903.42,54998.61,5.095000E+07,48990.34
1704814828,570002.90,5.152000E+08,490666.27,57000.29,5.152000E+07,49066.63
1704814838,540023.85,5.206000E+08,491131.89,54002.38,5.206000E+07,49113.19
1704814848,459971.51,5.252000E+08,490840.65,45997.15,5.252000E+07,49084.07
1704814858,489995.02,5.301000E+08,490832.82,48999.50,5.301000E+07,49083.28
1704814868,500025.65,5.351000E+08,490917.16,50002.56,5.351000E+07,49091.72
1704814878,519991.06,5.403000E+08,491181.47,51999.11,5.403000E+07,49118.15
1704814888,520025.69,5.455000E+08,491441.31,52002.57,5.455000E+07,49144.13
1704814898,539992.74,5.509000E+08,491874.81,53999.27,5.509000E+07,49187.48
1704814908,500010.47,5.559000E+08,491946.81,50001.05,5.559000E+07,49194.68
1704814918,569987.81,5.616000E+08,492631.39,56998.78,5.616000E+07,49263.14
1704814928,490009.38,5.665000E+08,492608.59,49000.94,5.665000E+07,49260.86
1704814938,499971.31,5.715000E+08,492672.07,49997.13,5.715000E+07,49267.21
1704814948,500003.28,5.765000E+08,492734.73,50000.33,5.765000E+07,49273.47
1704814958,560018.05,5.821000E+08,493304.91,56001.80,5.821000E+07,49330.49
1704814968,519981.73,5.873000E+08,493529.09,51998.17,5.873000E+07,49352.91
1704814978,540013.55,5.927000E+08,493916.45,54001.36,5.927000E+07,49391.65
1704814988,499997.79,5.977000E+08,493966.71,49999.78,5.977000E+07,49396.67
1704814998,590001.35,6.036000E+08,494753.88,59000.13,6.036000E+07,49475.39
1704815008,500020.30,6.086000E+08,494796.69,50002.03,6.086000E+07,49479.67
1704815018,509952.20,6.137000E+08,494918.93,50995.22,6.137000E+07,49491.89
1704815028,470032.69,6.184000E+08,494719.85,47003.27,6.184000E+07,49471.98
1704815038,330003.71,6.217000E+08,493412.59,33000.37,6.217000E+07,49341.26
1704815048,519976.16,6.269000E+08,493621.76,51997.62,6.269000E+07,49362.18
1704815058,509991.03,6.320000E+08,493749.65,50999.10,6.320000E+07,49374.97
1704815068,470029.41,6.367000E+08,493565.79,47002.94,6.367000E+07,49356.58
1704815078,509984.15,6.418000E+08,493692.08,50998.41,6.418000E+07,49369.21
1704815088,530019.15,6.471000E+08,493969.38,53001.91,6.471000E+07,49396.94
1704815098,499995.50,6.521000E+08,494015.03,49999.55,6.521000E+07,49401.50
1704815108,549985.53,6.576000E+08,494435.87,54998.55,6.576000E+07,49443.59
1704815118,510019.55,6.627000E+08,494552.17,51001.95,6.627000E+07,49455.22
1704815128,539993.68,6.681000E+08,494888.77,53999.37,6.681000E+07,49488.88
1704815138,529976.19,6.734000E+08,495146.78,52997.62,6.734000E+07,49514.68
1704815148,490024.17,6.783000E+08,495109.39,49002.42,6.783000E+07,49510.94
1704815158,519973.40,6.835000E+08,495289.57,51997.34,6.835000E+07,49528.96
1704815168,540020.81,6.889000E+08,495611.37,54002.08,6.889000E+07,49561.14
1704815178,519978.76,6.941000E+08,495785.43,51997.88,6.941000E+07,49578.54
1704815188,569651.80,6.998000E+08,496309.62,56965.18,6.998000E+07,49630.96
1704815198,520355.28,7.050000E+08,496478.84,52035.53,7.050000E+07,49647.88
1704815208,519987.45,7.102000E+08,496643.24,51998.75,7.102000E+07,49664.32
1704815218,549967.00,7.157000E+08,497013.57,54996.70,7.157000E+07,49701.36
1704815228,559987.40,7.213000E+08,497447.88,55998.74,7.213000E+07,49744.79
1704815238,560040.81,7.269000E+08,497876.57,56004.08,7.269000E+07,49787.66
1704815248,570000.98,7.326000E+08,498367.21,57000.10,7.326000E+07,49836.72
1704815258,509986.71,7.377000E+08,498445.72,50998.67,7.377000E+07,49844.57
1704815268,439994.62,7.421000E+08,498053.43,43999.46,7.421000E+07,49805.34
1704815278,520014.88,7.473000E+08,498199.83,52001.49,7.473000E+07,49819.98
1704815288,549994.55,7.528000E+08,498542.85,54999.46,7.528000E+07,49854.28
1704815298,559789.39,7.584000E+08,498945.93,55978.94,7.584000E+07,49894.59
1704815308,580205.00,7.642000E+08,499476.85,58020.50,7.642000E+07,49947.69
1704815318,540008.38,7.696000E+08,499740.04,54000.84,7.696000E+07,49974.00
1704815328,509985.88,7.747000E+08,499806.14,50998.59,7.747000E+07,49980.61
1704815338,468906.12,7.794000E+08,499607.61,46890.61,7.794000E+07,49960.76
1704815348,521225.89,7.846000E+08,499744.98,52122.59,7.846000E+07,49974.50
1704815358,530020.98,7.899000E+08,499936.59,53002.10,7.899000E+07,49993.66
1704815368,579980.89,7.957000E+08,500440.03,57998.09,7.957000E+07,50044.00
1704815378,550025.83,8.012000E+08,500749.93,55002.58,8.012000E+07,50074.99
1704815388,599977.27,8.072000E+08,501366.27,59997.73,8.072000E+07,50136.63
1704815398,490027.49,8.121000E+08,501296.28,49002.75,8.121000E+07,50129.63
1704815408,519961.16,8.173000E+08,501410.80,51996.12,8.173000E+07,50141.08
1704815418,459999.34,8.219000E+08,501158.29,45999.93,8.219000E+07,50115.83
1704815428,510027.21,8.270000E+08,501212.04,51002.72,8.270000E+07,50121.20
1704815438,529959.76,8.323000E+08,501385.23,52995.98,8.323000E+07,50138.52
1704815448,569999.80,8.380000E+08,501796.10,56999.98,8.380000E+07,50179.61
1704815458,530007.56,8.433000E+08,501964.02,53000.76,8.433000E+07,50196.40
1704815468,580024.38,8.491000E+08,502425.89,58002.44,8.491000E+07,50242.59
1704815478,520019.35,8.543000E+08,502529.38,52001.93,8.543000E+07,50252.94
1704815488,549949.42,8.598000E+08,502806.72,54994.94,8.598000E+07,50280.67
1704815498,500004.41,8.648000E+08,502790.42,50000.44,8.648000E+07,50279.04
1704815508,529996.22,8.701000E+08,502947.68,52999.62,8.701000E+07,50294.77
1704815518,540037.85,8.755000E+08,503160.83,54003.78,8.755000E+07,50316.08
1704815528,539773.42,8.809000E+08,503370.13,53977.34,8.809000E+07,50337.01
1704815538,510225.73,8.860000E+08,503409.07,51022.57,8.860000E+07,50340.91
1704815548,549977.69,8.915000E+08,503672.18,54997.77,8.915000E+07,50367.22
1704815558,509991.04,8.966000E+08,503707.68,50999.10,8.966000E+07,50370.77
1704815568,590027.14,9.025000E+08,504189.89,59002.71,9.025000E+07,50418.99
1704815578,489962.38,9.074000E+08,504110.84,48996.24,9.074000E+07,50411.08
1704815588,390033.34,9.113000E+08,503480.63,39003.33,9.113000E+07,50348.06
1704815598,479984.31,9.161000E+08,503351.53,47998.43,9.161000E+07,50335.15
1704815608,509992.08,9.212000E+08,503387.81,50999.21,9.212000E+07,50338.78
1704815618,559601.19,9.268000E+08,503693.54,55960.12,9.268000E+07,50369.35
1704815628,410289.51,9.309000E+08,503189.01,41028.95,9.309000E+07,50318.90
1704815638,559864.14,9.365000E+08,503493.79,55986.41,9.365000E+07,50349.38
1704815648,550125.50,9.420000E+08,503743.10,55012.55,9.420000E+07,50374.31
1704815658,520002.63,9.472000E+08,503829.58,52000.26,9.472000E+07,50382.96
1704815668,480020.79,9.520000E+08,503703.62,48002.08,9.520000E+07,50370.36
1704815678,510003.34,9.571000E+08,503736.77,51000.33,9.571000E+07,50373.68
1704815688,510005.77,9.622000E+08,503769.59,51000.58,9.622000E+07,50376.96
1704815698,509809.78,9.673000E+08,503801.07,50980.98,9.673000E+07,50380.11
1704815708,500152.95,9.723000E+08,503782.17,50015.29,9.723000E+07,50378.22
1704815718,499999.05,9.773000E+08,503762.67,49999.91,9.773000E+07,50376.27
1704815728,329996.27,9.806000E+08,502871.55,32999.63,9.806000E+07,50287.15
1704815738,559990.67,9.862000E+08,503162.98,55999.07,9.862000E+07,50316.30

1704815748,520018.50,9.914000E+08,503248.54,52001.85,9.914000E+07,50324.85
1704815758,470024.32,9.961000E+08,503080.75,47002.43,9.961000E+07,50308.07
1704815768,540011.12,1.001500E+09,503266.32,54001.11,1.001500E+08,50326.63
1704815778,499782.01,1.006500E+09,503248.89,49978.20,1.006500E+08,50324.89
1704815788,500206.86,1.011500E+09,503233.76,50020.69,1.011500E+08,50323.38
1704815798,449812.26,1.016000E+09,502969.19,44981.23,1.016000E+08,50296.92
1704815808,560237.30,1.021600E+09,503251.18,56023.73,1.021600E+08,50325.12
1704815818,519784.98,1.026800E+09,503332.26,51978.50,1.026800E+08,50333.23
1704815828,490196.24,1.031700E+09,503268.21,49019.62,1.031700E+08,50326.82
1704815838,450006.71,1.036200E+09,503009.66,45000.67,1.036200E+08,50300.97
1704815848,429962.60,1.040500E+09,502656.75,42996.26,1.040500E+08,50265.67
1704815858,510013.02,1.045600E+09,502692.11,51001.30,1.045600E+08,50269.21
1704815868,490006.91,1.050500E+09,502631.42,49000.69,1.050500E+08,50263.14
1704815878,539992.38,1.055900E+09,502809.33,53999.24,1.055900E+08,50280.93
1704815888,590030.03,1.061800E+09,503222.68,59003.00,1.061800E+08,50322.27
1704815898,519970.09,1.067000E+09,503301.68,51997.01,1.067000E+08,50330.17
1704815908,580020.61,1.072800E+09,503661.85,58002.06,1.072800E+08,50366.19
1704815918,509989.57,1.077900E+09,503691.42,50998.96,1.077900E+08,50369.14
1704815928,450009.78,1.082400E+09,503441.74,45000.98,1.082400E+08,50344.17
1704815938,429999.32,1.086700E+09,503101.73,42999.93,1.086700E+08,50310.17
1704815948,449986.95,1.091200E+09,502856.96,44998.69,1.091200E+08,50285.70
1704815958,530000.06,1.096500E+09,502981.47,53000.01,1.096500E+08,50298.15
1704815968,430004.81,1.100800E+09,502648.24,43000.48,1.100800E+08,50264.82
1704815978,500023.47,1.105800E+09,502636.31,50002.35,1.105800E+08,50263.63
1704815988,499960.65,1.110800E+09,502624.20,49996.07,1.110800E+08,50262.42
1704815998,389997.51,1.114700E+09,502116.87,38999.75,1.114700E+08,50211.69
1704816008,450008.77,1.119200E+09,501883.21,45000.88,1.119200E+08,50188.32
1704816018,449991.08,1.123700E+09,501651.54,44999.11,1.123700E+08,50165.15
1704816028,400037.07,1.127700E+09,501199.97,40003.71,1.127700E+08,50120.00
1704816038,419986.69,1.131900E+09,500840.60,41998.67,1.131900E+08,50084.06
1704816048,410007.88,1.136000E+09,500440.47,41000.79,1.136000E+08,50044.05
1704816058,289990.38,1.138900E+09,499517.41,28999.04,1.138900E+08,49951.74
1704816068,419669.54,1.143100E+09,499168.46,41966.95,1.143100E+08,49916.85
1704816078,530422.28,1.148400E+09,499304.23,53042.23,1.148400E+08,49930.42
1704816088,529989.41,1.153700E+09,499437.07,52998.94,1.153700E+08,49943.71
1704816098,550029.06,1.159200E+09,499655.13,55002.91,1.159200E+08,49965.51
1704816108,459991.73,1.163800E+09,499484.90,45999.17,1.163800E+08,49948.49
1704816118,499964.76,1.168800E+09,499486.95,49996.48,1.168800E+08,49948.69
1704816128,460024.68,1.173400E+09,499319.03,46002.47,1.173400E+08,49931.90
1704816138,509999.30,1.178500E+09,499364.29,50999.93,1.178500E+08,49936.43
1704816148,510009.68,1.183600E+09,499409.21,51000.97,1.183600E+08,49940.92
1704816158,529970.62,1.188900E+09,499537.62,52997.06,1.188900E+08,49953.76
1704816168,550009.28,1.194400E+09,499748.80,55000.93,1.194400E+08,49974.88
1704816178,499994.57,1.199400E+09,499749.82,49999.46,1.199400E+08,49974.98
1704816188,560005.12,1.205000E+09,499999.84,56000.51,1.205000E+08,49999.98
1704816198,510022.22,1.210100E+09,500041.25,51002.22,1.210100E+08,50004.13
1704816208,539975.01,1.215500E+09,500205.60,53997.50,1.215500E+08,50020.56
1704816218,569996.07,1.221200E+09,500491.63,56999.61,1.221200E+08,50049.16
1704816228,560032.78,1.226800E+09,500734.64,56003.28,1.226800E+08,50073.46
1704816238,569999.87,1.232500E+09,501016.20,56999.99,1.232500E+08,50101.62
1704816248,549994.79,1.238000E+09,501214.50,54999.48,1.238000E+08,50121.45
1704816258,539961.63,1.243400E+09,501370.75,53996.16,1.243400E+08,50137.07
1704816268,540014.95,1.248800E+09,501525.94,54001.49,1.248800E+08,50152.59
1704816278,539993.60,1.254200E+09,501679.81,53999.36,1.254200E+08,50167.98
1704816288,480034.41,1.259000E+09,501593.58,48003.44,1.259000E+08,50159.36
1704816298,509958.61,1.264100E+09,501626.78,50995.86,1.264100E+08,50162.68
1704816308,550020.00,1.269600E+09,501818.05,55002.00,1.269600E+08,50181.81
1704816318,509750.15,1.274700E+09,501849.29,50975.01,1.274700E+08,50184.93
1704816328,400201.19,1.278700E+09,501450.88,40020.12,1.278700E+08,50145.09
1704816338,539972.60,1.284100E+09,501601.36,53997.26,1.284100E+08,50160.14
1704816348,510035.11,1.289200E+09,501634.17,51003.51,1.289200E+08,50163.42
1704816358,480010.34,1.294000E+09,501550.36,48001.03,1.294000E+08,50155.04
[worker 2] backoffs took a total of 0.000000sec of runtime
[worker 0] backoffs took a total of 0.000000sec of runtime
[worker 1] backoffs took a total of 0.000000sec of runtime
[worker 3] backoffs took a total of 0.000000sec of runtime

Summary:
loaded 1296000000 metrics in 2584.978sec with 4 workers (mean rate 501358.26 metrics/sec)
loaded 129600000 rows in 2584.978sec with 4 workers (mean rate 50135.83 rows/sec)