time,per. metric/s,metric total,overall metric/s,per. row/s,row total,overall row/s
1701377241,198090.87,1.981053E+06,198090.87,24998.18,2.500000E+05,24998.18
1701377251,213436.41,4.115435E+06,205763.39,26999.77,5.200000E+05,25998.94
1701377261,221155.63,6.327101E+06,210894.17,27998.61,8.000000E+05,26665.50
1701377271,221250.71,8.539427E+06,213483.06,28002.29,1.080000E+06,26999.67
1701377281,221494.34,1.075449E+07,215085.37,27998.44,1.360000E+06,27199.43
1701377291,221521.40,1.296957E+07,216157.97,28001.74,1.640000E+06,27333.14
1701377301,213443.28,1.510400E+07,215770.16,26999.98,1.910000E+06,27285.55
1701377311,221569.52,1.731972E+07,216495.08,27999.80,2.190000E+06,27374.83
1701377321,229600.16,1.961566E+07,217951.16,29000.70,2.480000E+06,27555.48
1701377331,221443.46,2.183023E+07,218300.41,27998.33,2.760000E+06,27599.76
1701377341,205574.47,2.388591E+07,217143.54,26000.74,3.020000E+06,27454.40
1701377351,205361.54,2.593946E+07,216161.74,26000.84,3.280000E+06,27333.28
1701377361,221553.41,2.815508E+07,216576.50,27999.02,3.560000E+06,27384.49
1701377371,236904.56,3.052411E+07,218028.49,30000.11,3.860000E+06,27571.32
1701377381,221207.08,3.273626E+07,218240.41,27999.00,4.140000E+06,27599.83
1701377391,221246.24,3.494866E+07,218428.26,28000.84,4.420000E+06,27624.89
1701377401,221243.65,3.716117E+07,218593.88,27999.06,4.700000E+06,27646.90
1701377411,253922.10,3.970028E+07,220556.47,32001.37,5.020000E+06,27888.81
1701377421,213407.90,4.183447E+07,220180.21,26998.57,5.290000E+06,27841.95
1701377431,205500.76,4.388946E+07,219446.25,26000.32,5.550000E+06,27749.87
1701377441,142293.70,4.531239E+07,215772.34,18000.00,5.730000E+06,27285.59
1701377451,126057.28,4.657291E+07,211694.56,16000.68,5.890000E+06,26772.67
1701377461,118553.54,4.775848E+07,207644.84,14999.52,6.040000E+06,26260.78
1701377471,110986.36,4.886837E+07,203617.35,13999.74,6.180000E+06,25749.89
1701377481,117936.64,5.004777E+07,200190.03,14999.56,6.330000E+06,25319.87
1701377491,79233.51,5.084006E+07,195538.14,10000.57,6.430000E+06,24730.70
1701377501,103357.64,5.187368E+07,192123.91,12999.41,6.560000E+06,24296.19
1701377511,118268.20,5.305631E+07,189486.34,15000.74,6.710000E+06,23964.23
1701377521,213416.33,5.519053E+07,190311.53,26999.26,6.980000E+06,24068.89
1701377531,205396.77,5.724456E+07,190814.39,25999.20,7.240000E+06,24133.23
1701377541,190021.47,5.914471E+07,190788.81,24000.75,7.480000E+06,24128.96
1701377551,181896.00,6.096365E+07,190510.91,23000.35,7.710000E+06,24093.69
1701377561,229716.08,6.326075E+07,191698.92,29000.73,8.000000E+06,24242.38
1701377571,236767.47,6.562853E+07,193024.52,29998.60,8.300000E+06,24411.69
1701377581,236995.25,6.799848E+07,194280.82,30000.06,8.600000E+06,24571.36
1701377591,229682.97,7.029536E+07,195264.23,28999.38,8.890000E+06,24694.36
1701377601,229542.26,7.259066E+07,196190.61,29001.62,9.180000E+06,24810.77
1701377611,213630.79,7.472699E+07,196649.57,26999.70,9.450000E+06,24868.37
1701377621,221127.04,7.693832E+07,197277.21,27999.17,9.730000E+06,24948.65
1701377631,205733.27,7.899559E+07,197488.61,26000.88,9.990000E+06,24974.95
1701377641,228788.84,8.128361E+07,198252.07,28998.29,1.028000E+07,25073.09
1701377651,213593.15,8.341946E+07,198617.32,27001.04,1.055000E+07,25118.99
1701377661,228933.53,8.570885E+07,199322.36,28999.33,1.084000E+07,25209.23
1701377671,213564.87,8.784447E+07,199646.05,27000.34,1.111000E+07,25249.94
1701377681,213548.43,8.997990E+07,199954.98,27000.65,1.138000E+07,25288.84
1701377691,229077.65,9.227073E+07,200588.10,28999.36,1.167000E+07,25369.51
1701377701,221618.13,9.448684E+07,201035.53,28000.88,1.195000E+07,25425.49
1701377711,221614.32,9.670292E+07,201464.24,28000.81,1.223000E+07,25479.14
1701377721,229712.90,9.900003E+07,202040.74,29000.19,1.252000E+07,25551.00
1701377731,229077.14,1.012909E+08,202581.49,28998.66,1.281000E+07,25619.96
1701377741,236620.19,1.036571E+08,203248.91,30000.18,1.311000E+07,25705.84
1701377751,205751.78,1.057146E+08,203297.04,26000.00,1.337000E+07,25711.50
1701377761,229175.17,1.080063E+08,203785.30,29000.67,1.366000E+07,25773.56
1701377771,221564.44,1.102220E+08,204114.55,27999.37,1.394000E+07,25814.78
1701377781,229610.45,1.125182E+08,204578.14,28998.45,1.423000E+07,25872.67
1701377791,205319.20,1.145714E+08,204591.37,26000.18,1.449000E+07,25874.94
1701377801,221487.92,1.167862E+08,204887.79,28001.13,1.477000E+07,25912.24
1701377811,237166.62,1.191579E+08,205444.33,29999.57,1.507000E+07,25982.72
1701377821,221189.77,1.213697E+08,205711.19,28000.74,1.535000E+07,26016.92
1701377831,213468.72,1.235044E+08,205840.48,27000.46,1.562000E+07,26033.31
1701377841,221248.92,1.257169E+08,206093.08,27999.88,1.590000E+07,26065.55
1701377851,221275.82,1.279296E+08,206337.96,28000.03,1.618000E+07,26096.75
1701377861,221510.74,1.301449E+08,206578.81,27998.21,1.646000E+07,26126.93
1701377871,229714.74,1.324420E+08,206940.30,29000.83,1.675000E+07,26171.84
1701377881,213419.97,1.345762E+08,207039.99,26999.93,1.702000E+07,26184.58
1701377891,221510.64,1.367912E+08,207259.24,28000.55,1.730000E+07,26212.09
1701377901,229512.42,1.390864E+08,207591.38,28999.13,1.759000E+07,26253.69
1701377911,205537.09,1.411418E+08,207561.17,26000.23,1.785000E+07,26249.96
1701377921,181112.68,1.429529E+08,207177.86,23000.01,1.808000E+07,26202.86
1701377931,198025.01,1.449332E+08,207047.11,25000.23,1.833000E+07,26185.68
1701377941,190090.47,1.468341E+08,206808.28,23999.95,1.857000E+07,26154.90
1701377951,229258.74,1.491266E+08,207120.09,29000.19,1.886000E+07,26194.42
1701377961,228854.02,1.514157E+08,207417.88,28993.86,1.915000E+07,26232.77
1701377971,221335.35,1.536285E+08,207605.91,28005.95,1.943000E+07,26256.73
1701377981,190370.39,1.555323E+08,207376.10,23999.56,1.967000E+07,26226.63
1701377991,205428.61,1.575865E+08,207350.48,26001.07,1.993000E+07,26223.66
1701378001,229350.51,1.598801E+08,207636.20,28998.90,2.022000E+07,26259.71
1701378011,236712.50,1.622472E+08,208008.97,30000.28,2.052000E+07,26307.66
1701378021,198256.56,1.642298E+08,207885.52,24999.43,2.077000E+07,26291.10
1701378031,221155.59,1.664413E+08,208051.40,28000.30,2.105000E+07,26312.47
1701378041,213484.45,1.685761E+08,208118.47,27000.27,2.132000E+07,26320.96
1701378051,213461.55,1.707106E+08,208183.62,27001.64,2.159000E+07,26329.26
1701378061,213540.19,1.728462E+08,208248.17,26998.13,2.186000E+07,26337.32
1701378071,221100.42,1.750572E+08,208401.17,27999.52,2.214000E+07,26357.11
1701378081,182053.78,1.768777E+08,208091.21,23000.50,2.237000E+07,26317.62
1701378091,221547.68,1.790933E+08,208247.68,27999.25,2.265000E+07,26337.17
1701378101,221395.21,1.813072E+08,208398.80,28000.56,2.293000E+07,26356.29
1701378111,205542.47,1.833626E+08,208366.34,26000.20,2.319000E+07,26352.25
1701378121,205195.14,1.854145E+08,208330.71,26000.66,2.345000E+07,26348.30
1701378131,205206.51,1.874666E+08,208296.00,25999.06,2.371000E+07,26344.41
1701378141,197810.54,1.894447E+08,208180.77,24999.75,2.396000E+07,26329.64
1701378151,198064.53,1.914253E+08,208070.82,25001.11,2.421000E+07,26315.20
1701378161,205724.61,1.934826E+08,208045.59,25998.99,2.447000E+07,26311.80
1701378171,197198.81,1.954545E+08,207930.20,25000.86,2.472000E+07,26297.85
1701378181,197272.54,1.974273E+08,207818.02,24999.78,2.497000E+07,26284.19
1701378191,205766.30,1.994849E+08,207796.64,26000.53,2.523000E+07,26281.23
1701378201,229083.73,2.017758E+08,208016.11,28999.09,2.552000E+07,26309.25
1701378211,221554.04,2.039912E+08,208154.24,28001.50,2.580000E+07,26326.52
1701378221,205303.58,2.060444E+08,208125.44,25998.71,2.606000E+07,26323.21
1701378231,213482.17,2.081792E+08,208179.01,27000.31,2.633000E+07,26329.98
1701378241,205712.50,2.102364E+08,208154.59,25998.79,2.659000E+07,26326.70
1701378251,213424.42,2.123705E+08,208206.25,27001.41,2.686000E+07,26333.32
1701378261,221284.62,2.145833E+08,208333.22,28001.05,2.714000E+07,26349.51
1701378271,229663.20,2.168801E+08,208538.33,28997.90,2.743000E+07,26374.97
1701378281,229638.63,2.191765E+08,208739.29,29000.04,2.772000E+07,26399.97
1701378291,236841.33,2.215449E+08,209004.40,29999.38,2.802000E+07,26433.93
1701378301,221211.89,2.237570E+08,209118.49,28001.05,2.830000E+07,26448.58
1701378311,213476.59,2.258918E+08,209158.84,26999.45,2.857000E+07,26453.68
1701378321,198140.93,2.278731E+08,209057.77,25001.33,2.882000E+07,26440.35
1701378331,236662.03,2.302397E+08,209308.71,29999.95,2.912000E+07,26472.71
1701378341,229680.80,2.325365E+08,209492.25,28999.75,2.941000E+07,26495.48
1701378351,229587.86,2.348325E+08,209671.68,28998.58,2.970000E+07,26517.83
1701378361,221531.43,2.370478E+08,209776.63,28000.05,2.998000E+07,26530.95
1701378371,213362.26,2.391814E+08,209808.09,27000.15,3.025000E+07,26535.06
1701378381,229015.57,2.414716E+08,209975.11,29000.24,3.054000E+07,26556.50
1701378391,228908.06,2.437605E+08,210138.31,29001.40,3.083000E+07,26577.57
1701378401,229403.76,2.460547E+08,210302.98,28998.74,3.112000E+07,26598.27
1701378411,229632.75,2.483511E+08,210466.80,28999.19,3.141000E+07,26618.62
1701378421,221587.18,2.505669E+08,210560.24,28000.97,3.169000E+07,26630.23
1701378431,237082.58,2.529377E+08,210781.26,30000.52,3.199000E+07,26658.32
1701378441,236610.85,2.553038E+08,210994.73,29999.79,3.229000E+07,26685.93
1701378451,221459.26,2.575184E+08,211080.51,27999.77,3.257000E+07,26696.70
1701378461,229639.52,2.598148E+08,211231.39,28999.47,3.286000E+07,26715.43
1701378471,221627.17,2.620310E+08,211315.23,28001.32,3.314000E+07,26725.79
1701378481,229226.70,2.643232E+08,211458.52,29000.35,3.343000E+07,26743.99
1701378491,213387.78,2.664573E+08,211473.83,26997.80,3.370000E+07,26746.01
1701378501,197628.04,2.684334E+08,211364.82,25001.88,3.395000E+07,26732.27
1701378511,221515.54,2.706487E+08,211444.12,27998.94,3.423000E+07,26742.17
1701378521,236512.90,2.730138E+08,211638.46,29999.59,3.453000E+07,26767.42
1701378531,237104.59,2.753849E+08,211834.35,29999.73,3.483000E+07,26792.29
1701378541,213387.87,2.775186E+08,211846.21,27001.63,3.510000E+07,26793.88
1701378551,213511.87,2.796538E+08,211858.83,26999.59,3.537000E+07,26795.44
1701378561,221493.94,2.818688E+08,211931.28,27998.70,3.565000E+07,26804.49
1701378571,205347.36,2.839222E+08,211882.14,26001.51,3.591000E+07,26798.50
1701378581,221558.16,2.861379E+08,211953.82,27997.78,3.619000E+07,26807.38
1701378591,221526.95,2.883531E+08,212024.21,28001.89,3.647000E+07,26816.16
1701378601,229675.42,2.906498E+08,212153.05,28999.71,3.676000E+07,26832.10
1701378611,229132.04,2.929412E+08,212276.09,28999.14,3.705000E+07,26847.81
1701378621,236699.63,2.953081E+08,212451.79,30001.50,3.735000E+07,26870.49
1701378631,221511.45,2.975233E+08,212516.51,27998.39,3.763000E+07,26878.55
1701378641,229616.04,2.998194E+08,212637.78,29001.15,3.792000E+07,26893.60
1701378651,237322.02,3.021928E+08,212811.62,29998.35,3.822000E+07,26915.47
1701378661,221184.44,3.044046E+08,212870.17,28000.52,3.850000E+07,26923.06
1701378671,213470.05,3.065392E+08,212874.33,27000.66,3.877000E+07,26923.60
1701378681,197890.69,3.085181E+08,212771.00,25000.77,3.902000E+07,26910.34
1701378691,221356.08,3.107316E+08,212829.80,27999.76,3.930000E+07,26917.80
1701378701,228899.51,3.130207E+08,212939.12,28999.17,3.959000E+07,26931.96
1701378711,228995.60,3.153107E+08,213047.62,28999.00,3.988000E+07,26945.92
1701378721,221409.37,3.175248E+08,213103.74,28000.60,4.016000E+07,26953.00
1701378731,221528.40,3.197400E+08,213159.90,28001.44,4.044000E+07,26959.99
1701378741,237648.97,3.221165E+08,213322.08,29998.87,4.074000E+07,26980.12
1701378751,229273.94,3.244092E+08,213427.03,29000.76,4.103000E+07,26993.41
1701378761,228815.23,3.266974E+08,213527.60,28999.85,4.132000E+07,27006.52
1701378771,229114.07,3.289885E+08,213628.81,29000.35,4.161000E+07,27019.47
1701378781,229601.98,3.312846E+08,213731.87,28999.08,4.190000E+07,27032.24
1701378791,229594.12,3.335806E+08,213833.55,28999.30,4.219000E+07,27044.85
1701378801,221483.57,3.357954E+08,213882.28,28000.68,4.247000E+07,27050.94
1701378811,228860.97,3.380840E+08,213977.08,29000.26,4.276000E+07,27063.28
1701378821,229002.85,3.403739E+08,214071.58,29001.35,4.305000E+07,27075.47
1701378831,237493.28,3.427489E+08,214217.97,29998.62,4.335000E+07,27093.74
1701378841,213502.18,3.448840E+08,214213.52,26999.77,4.362000E+07,27093.15
1701378851,213495.47,3.470189E+08,214209.09,26999.89,4.389000E+07,27092.58
1701378861,197264.71,3.489916E+08,214105.14,24999.82,4.414000E+07,27079.74
1701378871,229645.64,3.512881E+08,214199.90,28999.26,4.443000E+07,27091.44
1701378881,237759.23,3.536655E+08,214342.67,30001.81,4.473000E+07,27109.08
1701378891,236688.07,3.560325E+08,214477.29,29999.45,4.503000E+07,27126.49
1701378901,190242.33,3.579349E+08,214332.16,23999.52,4.527000E+07,27107.77
1701378911,165497.82,3.595899E+08,214041.49,21000.43,4.548000E+07,27071.42
1701378921,198065.37,3.615705E+08,213946.96,25000.05,4.573000E+07,27059.16
1701378931,197608.54,3.635466E+08,213850.85,25000.37,4.598000E+07,27047.05
1701378941,189112.59,3.654378E+08,213706.18,23999.40,4.622000E+07,27029.23
1701378951,205757.96,3.674952E+08,213659.97,26001.16,4.648000E+07,27023.25
1701378961,221203.43,3.697074E+08,213703.57,27998.78,4.676000E+07,27028.89
1701378971,221468.34,3.719221E+08,213748.20,27999.97,4.704000E+07,27034.47
1701378981,221510.26,3.741371E+08,213792.55,28001.07,4.732000E+07,27039.99
1701378991,221558.39,3.763528E+08,213836.68,27998.34,4.760000E+07,27045.44
1701379001,213434.12,3.784870E+08,213834.40,27001.74,4.787000E+07,27045.19
1701379011,229634.42,3.807834E+08,213923.17,28999.79,4.816000E+07,27056.17
1701379021,205330.88,3.828367E+08,213875.17,25999.38,4.842000E+07,27050.27
1701379031,173847.44,3.845752E+08,213652.79,22000.21,4.864000E+07,27022.21
1701379041,205850.69,3.866336E+08,213609.69,26000.74,4.890000E+07,27016.57
1701379051,197660.01,3.886103E+08,213522.05,24998.61,4.915000E+07,27005.48
1701379061,213505.04,3.907454E+08,213521.96,26999.94,4.942000E+07,27005.45
1701379071,213458.70,3.928800E+08,213521.61,27000.15,4.969000E+07,27005.42
1701379081,237121.12,3.952512E+08,213649.18,30000.00,4.999000E+07,27021.61
1701379091,213497.20,3.973862E+08,213648.36,26999.24,5.026000E+07,27021.49
1701379101,213515.16,3.995214E+08,213647.65,26999.82,5.053000E+07,27021.37
1701379111,236745.61,4.018888E+08,213770.51,30000.45,5.083000E+07,27037.22
1701379121,229689.33,4.041856E+08,213854.73,29001.23,5.112000E+07,27047.61
1701379131,229710.97,4.064827E+08,213938.18,28999.98,5.141000E+07,27057.88
1701379141,205259.02,4.085354E+08,213892.74,25998.74,5.167000E+07,27052.34
1701379151,229613.72,4.108314E+08,213974.62,29001.47,5.196000E+07,27062.49
1701379161,228876.90,4.131201E+08,214051.83,29000.61,5.225000E+07,27072.53
1701379171,221221.84,4.153324E+08,214088.79,27999.44,5.253000E+07,27077.31
1701379181,213513.78,4.174675E+08,214085.84,26999.92,5.280000E+07,27076.91
1701379191,229224.09,4.197598E+08,214163.08,28999.78,5.309000E+07,27086.72
1701379201,229696.31,4.220568E+08,214241.93,28998.97,5.338000E+07,27096.43
1701379211,229571.65,4.243524E+08,214319.34,29002.37,5.367000E+07,27106.06
1701379221,213419.28,4.264867E+08,214314.82,26997.95,5.394000E+07,27105.51
1701379231,205368.05,4.285404E+08,214270.09,25999.65,5.420000E+07,27099.98
1701379241,181251.98,4.303529E+08,214105.83,23001.17,5.443000E+07,27079.59
1701379251,205824.08,4.324111E+08,214064.83,25999.68,5.469000E+07,27074.25
1701379261,221235.76,4.346235E+08,214100.15,27999.93,5.497000E+07,27078.81
1701379271,190416.16,4.365275E+08,213984.06,24001.37,5.521000E+07,27063.72
1701379281,221084.32,4.387385E+08,214018.70,27998.74,5.549000E+07,27068.28
1701379291,228947.19,4.410279E+08,214091.16,29000.81,5.578000E+07,27077.66
1701379301,205732.68,4.430853E+08,214050.78,25999.25,5.604000E+07,27072.45
1701379311,198042.33,4.450658E+08,213973.81,24998.53,5.629000E+07,27062.48
1701379321,197582.10,4.470415E+08,213895.39,25002.05,5.654000E+07,27052.63
1701379331,205295.89,4.490945E+08,213854.44,25999.28,5.680000E+07,27047.61
1701379341,229639.01,4.513909E+08,213929.25,28999.51,5.709000E+07,27056.86
1701379351,236706.99,4.537578E+08,214036.69,30001.81,5.739000E+07,27070.75
1701379361,205792.76,4.558158E+08,213997.98,25999.81,5.765000E+07,27065.72
1701379371,189953.73,4.577154E+08,213885.62,23998.50,5.789000E+07,27051.39
1701379381,229468.57,4.600100E+08,213958.09,29002.17,5.818000E+07,27060.46
1701379391,221222.43,4.622223E+08,213991.73,27997.97,5.846000E+07,27064.80
1701379401,228890.71,4.645112E+08,214060.38,29000.83,5.875000E+07,27073.72
1701379411,229010.77,4.668014E+08,214128.97,28998.83,5.904000E+07,27082.55
1701379421,205603.17,4.688574E+08,214090.03,25999.82,5.930000E+07,27077.61
1701379431,213504.46,4.709924E+08,214087.37,27000.41,5.957000E+07,27077.26
1701379441,213422.07,4.731266E+08,214084.36,27000.30,5.984000E+07,27076.91
1701379451,221272.34,4.753393E+08,214116.74,28000.43,6.012000E+07,27081.07
1701379461,221586.61,4.775553E+08,214150.24,27998.83,6.040000E+07,27085.19
1701379471,182271.30,4.793779E+08,214007.93,23001.40,6.063000E+07,27066.96
1701379481,221281.09,4.815908E+08,214040.26,27998.72,6.091000E+07,27071.10
1701379491,228954.88,4.838803E+08,214106.25,29000.78,6.120000E+07,27079.64
1701379501,221378.51,4.860940E+08,214138.29,28000.41,6.148000E+07,27083.69
1701379511,229700.37,4.883912E+08,214206.54,28998.27,6.177000E+07,27092.09
1701379521,221551.80,4.906067E+08,214238.62,28000.33,6.205000E+07,27096.06
1701379531,213496.24,4.927415E+08,214235.39,27001.62,6.232000E+07,27095.65
1701379541,221705.68,4.949586E+08,214267.73,27999.28,6.260000E+07,27099.56
1701379551,228997.11,4.972487E+08,214331.22,28999.29,6.289000E+07,27107.75
1701379561,228880.97,4.995375E+08,214393.67,28999.88,6.318000E+07,27115.87
1701379571,229451.93,5.018319E+08,214458.02,29000.93,6.347000E+07,27123.92
1701379581,213358.81,5.039654E+08,214453.34,27000.89,6.374000E+07,27123.40
1701379591,237820.24,5.063437E+08,214552.36,29998.77,6.404000E+07,27135.58
1701379601,213467.79,5.084785E+08,214547.78,26999.14,6.431000E+07,27135.01
1701379611,221511.29,5.106936E+08,214577.04,27999.99,6.459000E+07,27138.64
1701379621,236646.91,5.130600E+08,214669.38,30001.14,6.489000E+07,27150.62
1701379631,237179.22,5.154318E+08,214763.17,30000.10,6.519000E+07,27162.49
1701379641,237729.68,5.178091E+08,214858.46,30000.02,6.549000E+07,27174.27
1701379651,221291.36,5.200219E+08,214885.04,28001.13,6.577000E+07,27177.68
1701379661,228791.65,5.223100E+08,214942.28,28997.15,6.606000E+07,27185.17
1701379671,198130.79,5.242913E+08,214873.38,25000.78,6.631000E+07,27176.22
1701379681,228818.05,5.265795E+08,214930.30,28999.92,6.660000E+07,27183.66
1701379691,228859.82,5.288680E+08,214986.92,29000.56,6.689000E+07,27191.05
1701379701,229580.60,5.311638E+08,215046.00,29000.42,6.718000E+07,27198.37
1701379711,229536.29,5.334593E+08,215104.44,28998.22,6.747000E+07,27205.63
1701379721,229378.84,5.357529E+08,215161.76,29001.81,6.776000E+07,27212.84
1701379731,236623.33,5.381192E+08,215247.61,29999.65,6.806000E+07,27223.99
1701379741,229105.04,5.404101E+08,215302.81,29001.46,6.835000E+07,27231.07
1701379751,229614.42,5.427063E+08,215359.61,28999.75,6.864000E+07,27238.09
1701379761,229664.14,5.450031E+08,215416.15,28997.77,6.893000E+07,27245.05
1701379771,229122.40,5.472944E+08,215470.11,28999.32,6.922000E+07,27251.95
1701379781,221259.35,5.495068E+08,215492.81,28002.45,6.950000E+07,27254.90
1701379791,221212.16,5.517191E+08,215515.16,27998.11,6.978000E+07,27257.80
1701379801,221206.54,5.539311E+08,215537.30,27999.95,7.006000E+07,27260.69
1701379811,205873.74,5.559897E+08,215499.85,26001.70,7.032000E+07,27255.81
1701379821,213608.23,5.581258E+08,215492.55,26999.59,7.059000E+07,27254.82
1701379831,221077.05,5.603366E+08,215514.02,28000.31,7.087000E+07,27257.69
1701379841,237520.09,5.627119E+08,215598.34,29998.93,7.117000E+07,27268.19
1701379851,229677.61,5.650085E+08,215652.08,29001.33,7.146000E+07,27274.80
1701379861,221539.70,5.672241E+08,215674.46,27998.26,7.174000E+07,27277.56
1701379871,229051.54,5.695146E+08,215725.14,28999.64,7.203000E+07,27284.08
1701379881,244667.07,5.719613E+08,215834.35,30999.76,7.234000E+07,27298.10
1701379891,229598.97,5.742572E+08,215886.09,29001.82,7.263000E+07,27304.50
1701379901,221698.83,5.764742E+08,215907.87,27999.95,7.291000E+07,27307.11
1701379911,221591.60,5.786902E+08,215929.07,27998.95,7.319000E+07,27309.69
1701379921,189100.43,5.805810E+08,215829.35,24001.96,7.343000E+07,27297.40
1701379931,221532.38,5.827965E+08,215850.47,27997.27,7.371000E+07,27299.99
1701379941,229723.43,5.850936E+08,215901.66,29001.80,7.400000E+07,27306.27
1701379951,228981.60,5.873835E+08,215949.75,28998.92,7.429000E+07,27312.49
1701379961,221215.49,5.895956E+08,215969.04,28000.49,7.457000E+07,27315.01
1701379971,213494.31,5.917306E+08,215960.01,27000.13,7.484000E+07,27313.86
1701379981,213543.94,5.938660E+08,215951.22,27000.25,7.511000E+07,27312.72
1701379991,236849.28,5.962346E+08,216026.94,29998.63,7.541000E+07,27322.45
1701380001,229733.44,5.985318E+08,216076.42,29001.58,7.570000E+07,27328.51
1701380011,213443.02,6.006663E+08,216066.95,26998.72,7.597000E+07,27327.33
1701380021,229699.10,6.029632E+08,216115.81,29001.94,7.626000E+07,27333.33
1701380031,205194.27,6.050153E+08,216076.80,25997.88,7.652000E+07,27328.56
1701380041,213391.92,6.071491E+08,216067.24,27001.81,7.679000E+07,27327.40
1701380051,221472.81,6.093639E+08,216086.41,27998.27,7.707000E+07,27329.78
1701380061,229379.58,6.116576E+08,216133.38,29001.33,7.736000E+07,27335.68
1701380071,213611.52,6.137938E+08,216124.50,26998.99,7.763000E+07,27334.50
1701380081,236710.03,6.161610E+08,216196.73,29999.37,7.793000E+07,27343.85
1701380091,205799.78,6.182188E+08,216160.38,26001.97,7.819000E+07,27339.16
1701380101,221240.05,6.204313E+08,216178.08,27998.39,7.847000E+07,27341.45
1701380111,205797.21,6.224891E+08,216142.04,26002.17,7.873000E+07,27336.80
1701380121,205897.55,6.245482E+08,216106.59,25999.43,7.899000E+07,27332.18
1701380131,221209.04,6.267604E+08,216124.19,27997.65,7.927000E+07,27334.47
1701380141,236652.64,6.291269E+08,216194.73,30001.27,7.957000E+07,27343.63
1701380151,205766.69,6.311846E+08,216159.02,25999.35,7.983000E+07,27339.03
1701380161,221079.06,6.333954E+08,216175.81,28000.13,8.011000E+07,27341.29
1701380171,237702.64,6.357724E+08,216249.03,29999.50,8.041000E+07,27350.33
1701380181,221641.99,6.379888E+08,216267.31,28000.14,8.069000E+07,27352.53
1701380191,213504.35,6.401238E+08,216257.98,27000.44,8.096000E+07,27351.34
1701380201,236835.04,6.424922E+08,216327.26,29999.52,8.126000E+07,27360.26
1701380211,228969.71,6.447817E+08,216369.68,29002.67,8.155000E+07,27365.77
1701380221,229455.83,6.470765E+08,216413.45,28997.08,8.184000E+07,27371.23
1701380231,197488.28,6.490513E+08,216350.37,25001.21,8.209000E+07,27363.33
1701380241,221349.01,6.512648E+08,216366.98,27999.25,8.237000E+07,27365.44
1701380251,229599.68,6.535607E+08,216410.80,29001.15,8.266000E+07,27370.85
1701380261,229721.64,6.558581E+08,216454.73,28998.29,8.295000E+07,27376.23
1701380271,236908.06,6.582270E+08,216522.00,30001.68,8.325000E+07,27384.86
1701380281,228874.21,6.605159E+08,216562.51,28998.85,8.354000E+07,27390.15
1701380291,229509.14,6.628109E+08,216604.81,29001.18,8.383000E+07,27395.42
1701380301,229753.76,6.651085E+08,216647.65,28998.82,8.412000E+07,27400.64
1701380311,189103.41,6.669995E+08,216558.22,24000.01,8.436000E+07,27389.60
1701380321,245885.56,6.694584E+08,216653.13,30999.93,8.467000E+07,27401.28
1701380331,213534.00,6.715937E+08,216643.07,27000.77,8.494000E+07,27399.99
1701380341,221243.76,6.738062E+08,216657.86,27999.58,8.522000E+07,27401.92
1701380351,228878.25,6.760948E+08,216697.02,29001.34,8.551000E+07,27407.05
1701380361,221246.35,6.783075E+08,216711.56,27997.73,8.579000E+07,27408.93
1701380371,221217.83,6.805195E+08,216725.91,28001.94,8.607000E+07,27410.82
1701380381,205719.27,6.825768E+08,216690.97,25999.02,8.633000E+07,27406.34
1701380391,213521.13,6.847120E+08,216680.94,26999.23,8.660000E+07,27405.05
1701380401,237119.04,6.870831E+08,216745.40,30002.22,8.690000E+07,27413.24
1701380411,174293.78,6.888261E+08,216611.90,21998.53,8.712000E+07,27396.22
1701380421,197658.88,6.908027E+08,216552.49,25000.30,8.737000E+07,27388.71
1701380431,229416.69,6.930967E+08,216592.69,29001.95,8.766000E+07,27393.75
1701380441,205438.23,6.951511E+08,216557.94,25999.97,8.792000E+07,27389.40
1701380451,221535.70,6.973665E+08,216573.40,27998.75,8.820000E+07,27391.30
1701380461,229004.71,6.996566E+08,216611.88,28999.62,8.849000E+07,27396.28
1701380471,205803.32,7.017145E+08,216578.52,26001.13,8.875000E+07,27391.97
1701380481,228946.83,7.040040E+08,216616.58,29000.24,8.904000E+07,27396.92
1701380491,228978.33,7.062938E+08,216654.50,29000.04,8.933000E+07,27401.84
1701380501,205757.18,7.083514E+08,216621.17,25999.21,8.959000E+07,27397.55
1701380511,213484.96,7.104863E+08,216611.61,26999.35,8.986000E+07,27396.33
1701380521,198090.18,7.124672E+08,216555.32,25000.06,9.011000E+07,27389.05
1701380531,181435.72,7.142816E+08,216448.89,23000.22,9.034000E+07,27375.75
1701380541,229778.18,7.165793E+08,216489.16,29000.87,9.063000E+07,27380.66
1701380551,213295.06,7.187123E+08,216479.54,26998.60,9.090000E+07,27379.51
1701380561,213372.91,7.208460E+08,216470.21,27000.72,9.117000E+07,27378.37
1701380571,221560.25,7.230616E+08,216485.45,27999.64,9.145000E+07,27380.23
1701380581,213402.10,7.251956E+08,216476.25,27000.51,9.172000E+07,27379.10
1701380591,221556.96,7.274112E+08,216491.37,28000.35,9.200000E+07,27380.95
1701380601,205400.52,7.294652E+08,216458.46,25999.59,9.226000E+07,27376.85
1701380611,189297.91,7.313582E+08,216378.10,23999.10,9.250000E+07,27366.85
1701380621,205704.68,7.334152E+08,216346.61,26000.64,9.276000E+07,27362.82
1701380631,237401.14,7.357893E+08,216408.54,29999.81,9.306000E+07,27370.58
1701380641,237721.48,7.381664E+08,216471.04,30001.44,9.336000E+07,27378.29
1701380651,181248.56,7.399789E+08,216368.05,22999.78,9.359000E+07,27365.49
1701380661,213461.25,7.421135E+08,216359.57,26999.10,9.386000E+07,27364.42
1701380671,213570.56,7.442493E+08,216351.47,26999.99,9.413000E+07,27363.36
1701380681,205326.95,7.463026E+08,216319.51,25999.25,9.439000E+07,27359.41
1701380691,229663.70,7.485991E+08,216358.07,29001.09,9.468000E+07,27364.15
1701380701,221540.92,7.508146E+08,216373.01,27999.37,9.496000E+07,27365.99
1701380711,158517.56,7.523997E+08,216206.77,20001.00,9.516000E+07,27344.82
1701380721,181038.20,7.542102E+08,216105.99,22998.98,9.539000E+07,27332.37
1701380731,166649.96,7.558767E+08,215964.69,20999.58,9.560000E+07,27314.28
1701380741,181418.44,7.576907E+08,215866.28,23002.30,9.583000E+07,27301.99
1701380751,166206.98,7.593528E+08,215725.19,20999.39,9.604000E+07,27284.09
1701380761,150517.69,7.608581E+08,215540.46,18998.52,9.623000E+07,27260.61
1701380771,126131.66,7.621193E+08,215287.91,16001.07,9.639000E+07,27228.81
1701380781,158387.67,7.637032E+08,215127.62,19999.84,9.659000E+07,27208.45
1701380791,166056.23,7.653638E+08,214989.78,20999.62,9.680000E+07,27191.00
1701380801,134657.69,7.667103E+08,214764.77,17000.52,9.697000E+07,27162.46
1701380811,181105.39,7.685214E+08,214670.75,22999.90,9.720000E+07,27150.83
1701380821,221560.68,7.707372E+08,214689.94,27998.27,9.748000E+07,27153.19
1701380831,237868.76,7.731159E+08,214754.32,29999.83,9.778000E+07,27161.10
1701380841,221180.54,7.753276E+08,214772.13,28000.28,9.806000E+07,27163.43
1701380851,197705.62,7.773047E+08,214724.98,25000.12,9.831000E+07,27157.45
1701380861,221517.91,7.795198E+08,214743.69,28000.44,9.859000E+07,27159.77
1701380871,221199.05,7.817318E+08,214761.43,28000.77,9.887000E+07,27162.08
1701380881,221276.87,7.839446E+08,214779.28,27999.10,9.915000E+07,27164.38
1701380891,205721.41,7.860018E+08,214754.53,25999.96,9.941000E+07,27161.19
1701380901,221184.47,7.882136E+08,214772.05,28001.19,9.969000E+07,27163.48
1701380911,213599.05,7.903496E+08,214768.86,26999.13,9.996000E+07,27163.04
1701380921,189762.81,7.922473E+08,214701.09,23999.66,1.002000E+08,27154.46
1701380931,189230.93,7.941396E+08,214632.26,23999.71,1.004400E+08,27145.94
1701380941,221621.20,7.963556E+08,214651.09,28002.67,1.007200E+08,27148.25
1701380951,229689.02,7.986527E+08,214691.52,28997.65,1.010100E+08,27153.22
1701380961,142332.97,8.000759E+08,214497.54,18001.16,1.011900E+08,27128.68
1701380971,189141.21,8.019674E+08,214429.74,23999.46,1.014300E+08,27120.32
1701380981,213443.07,8.041017E+08,214427.11,27001.19,1.017000E+08,27120.00
1701380991,229707.56,8.063990E+08,214467.75,28997.36,1.019900E+08,27124.99
1701381001,229663.56,8.086956E+08,214508.06,29000.50,1.022800E+08,27129.97
1701381011,236833.25,8.110639E+08,214567.12,30000.58,1.025800E+08,27137.56
1701381021,198079.08,8.130446E+08,214523.62,25001.18,1.028300E+08,27131.92
1701381031,213456.97,8.151793E+08,214520.81,26997.73,1.031000E+08,27131.57
1701381041,221319.10,8.173925E+08,214538.65,27999.95,1.033800E+08,27133.85
1701381051,205791.25,8.194503E+08,214515.76,26002.39,1.036400E+08,27130.89
1701381061,118035.80,8.206307E+08,214263.84,14999.16,1.037900E+08,27099.21
1701381071,213552.88,8.227662E+08,214261.99,26999.55,1.040600E+08,27098.95
1701381081,245384.42,8.252200E+08,214342.82,31001.13,1.043700E+08,27109.09
1701381091,228950.11,8.275096E+08,214380.66,28999.16,1.046600E+08,27113.98
1701381101,221212.81,8.297216E+08,214398.32,28000.62,1.049400E+08,27116.27
1701381111,205748.20,8.317791E+08,214376.02,25999.75,1.052000E+08,27113.40
1701381121,237373.59,8.341530E+08,214435.15,29998.42,1.055000E+08,27120.81
1701381131,205307.75,8.362059E+08,214411.75,26001.78,1.057600E+08,27117.94
1701381141,221556.05,8.384214E+08,214430.02,28000.95,1.060400E+08,27120.20
1701381151,221573.44,8.406373E+08,214448.24,27998.17,1.063200E+08,27122.44
1701381161,229636.39,8.429336E+08,214486.89,29001.27,1.066100E+08,27127.22
1701381171,221286.27,8.451464E+08,214504.14,28000.50,1.068900E+08,27129.44
1701381181,221144.47,8.473580E+08,214520.95,27998.17,1.071700E+08,27131.64
1701381191,197994.93,8.493379E+08,214479.22,25000.82,1.074200E+08,27126.26
1701381201,213510.88,8.514731E+08,214476.78,26998.91,1.076900E+08,27125.94
1701381211,229104.11,8.537640E+08,214513.54,29000.99,1.079800E+08,27130.65
1701381221,221167.44,8.559757E+08,214530.21,27999.84,1.082600E+08,27132.83
1701381231,205784.84,8.580336E+08,214508.35,25999.69,1.085200E+08,27129.99
1701381241,205760.93,8.600912E+08,214486.53,25999.49,1.087800E+08,27127.17
1701381251,189153.27,8.619828E+08,214423.52,24000.00,1.090200E+08,27119.40
1701381261,197533.09,8.639581E+08,214381.60,25000.47,1.092700E+08,27114.14
1701381271,205855.77,8.660166E+08,214360.50,25999.89,1.095300E+08,27111.38
1701381281,229065.62,8.683073E+08,214396.81,28999.67,1.098200E+08,27116.04
1701381291,213455.09,8.704419E+08,214394.49,26999.96,1.100900E+08,27115.76
1701381301,213610.85,8.725779E+08,214392.57,27000.37,1.103600E+08,27115.47
1701381311,229660.04,8.748746E+08,214429.99,28999.36,1.106500E+08,27120.09
1701381321,205386.83,8.769284E+08,214407.88,26000.84,1.109100E+08,27117.35
1701381331,213454.40,8.790629E+08,214405.55,26999.97,1.111800E+08,27117.07
1701381341,213333.75,8.811963E+08,214402.94,26999.36,1.114500E+08,27116.78
1701381351,197849.53,8.831747E+08,214362.77,25001.43,1.117000E+08,27111.65
1701381361,198010.93,8.851548E+08,214323.17,24999.70,1.119500E+08,27106.53
1701381371,228843.37,8.874433E+08,214358.25,28999.83,1.122400E+08,27111.11
1701381381,213491.80,8.895782E+08,214356.16,27000.44,1.125100E+08,27110.84
1701381391,205798.80,8.916362E+08,214335.59,25999.24,1.127700E+08,27108.17
1701381401,205726.55,8.936934E+08,214314.94,26000.97,1.130300E+08,27105.51
1701381411,221246.42,8.959059E+08,214331.53,27999.41,1.133100E+08,27107.65
1701381421,228863.40,8.981945E+08,214366.21,29001.03,1.136000E+08,27112.17
1701381431,205793.13,9.002526E+08,214345.79,25997.97,1.138600E+08,27109.52
1701381441,221249.75,9.024650E+08,214362.19,28001.06,1.141400E+08,27111.63
1701381451,158149.38,9.040465E+08,214228.98,19999.09,1.143400E+08,27094.78
1701381461,189953.10,9.059461E+08,214171.59,24000.30,1.145800E+08,27087.46
1701381471,221260.99,9.081587E+08,214188.31,27999.72,1.148600E+08,27089.62
1701381481,205738.47,9.102161E+08,214168.43,26000.16,1.151200E+08,27087.05
1701381491,221243.84,9.124284E+08,214185.04,28001.40,1.154000E+08,27089.20
1701381501,221159.20,9.146400E+08,214201.37,27999.89,1.156800E+08,27091.33
1701381511,237248.98,9.170125E+08,214255.22,30000.14,1.159800E+08,27098.13
1701381521,213456.58,9.191471E+08,214253.36,26999.30,1.162500E+08,27097.90
1701381531,221597.38,9.213631E+08,214270.44,27998.99,1.165300E+08,27099.99
1701381541,221576.63,9.235789E+08,214287.39,28000.23,1.168100E+08,27102.08
1701381551,213528.61,9.257141E+08,214285.63,27001.35,1.170800E+08,27101.85
1701381561,213483.93,9.278490E+08,214283.78,26999.16,1.173500E+08,27101.61
1701381571,229419.43,9.301432E+08,214318.66,28999.38,1.176400E+08,27105.98
1701381581,221258.88,9.323558E+08,214334.61,28000.17,1.179200E+08,27108.04
1701381591,228861.60,9.346443E+08,214367.93,29000.76,1.182100E+08,27112.38
1701381601,221207.22,9.368565E+08,214383.58,27998.90,1.184900E+08,27114.41
1701381611,158566.59,9.384421E+08,214256.15,20001.21,1.186900E+08,27098.17
1701381621,189682.80,9.403390E+08,214200.17,23998.89,1.189300E+08,27091.11
1701381631,150000.99,9.418389E+08,214054.28,19001.47,1.191200E+08,27072.73
1701381641,126968.35,9.431087E+08,213856.79,15998.72,1.192800E+08,27047.61
1701381651,213518.59,9.452437E+08,213856.02,27001.68,1.195500E+08,27047.51
1701381661,189906.55,9.471428E+08,213801.96,23999.88,1.197900E+08,27040.63
1701381671,221529.27,9.493582E+08,213819.37,27998.06,1.200700E+08,27042.79
1701381681,213436.35,9.514925E+08,213818.51,27001.40,1.203400E+08,27042.69
1701381691,221447.71,9.537069E+08,213835.61,28001.00,1.206200E+08,27044.84
1701381701,189190.19,9.555988E+08,213780.48,24000.15,1.208600E+08,27038.03
1701381711,237688.52,9.579758E+08,213833.85,29998.06,1.211600E+08,27044.64
1701381721,221268.71,9.601885E+08,213850.41,27999.96,1.214400E+08,27046.77
1701381731,228977.57,9.624782E+08,213884.02,29000.81,1.217300E+08,27051.11
1701381741,198022.60,9.644585E+08,213848.85,24998.85,1.219800E+08,27046.56
1701381751,213456.01,9.665932E+08,213847.98,26999.33,1.222500E+08,27046.45
1701381761,205383.69,9.686469E+08,213829.30,26001.66,1.225100E+08,27044.15
1701381771,229385.42,9.709407E+08,213863.56,29000.74,1.228000E+08,27048.46
1701381781,197515.28,9.729159E+08,213827.63,24998.43,1.230500E+08,27043.95
1701381791,213564.87,9.750515E+08,213827.05,27001.56,1.233200E+08,27043.86
1701381801,189172.32,9.769432E+08,213773.10,23999.43,1.235600E+08,27037.19
1701381811,190368.49,9.788470E+08,213722.00,23999.53,1.238000E+08,27030.56
1701381821,228937.03,9.811362E+08,213755.14,29001.13,1.240900E+08,27034.86
1701381831,182381.49,9.829600E+08,213686.94,23000.18,1.243200E+08,27026.08
1701381841,150375.20,9.844639E+08,213549.60,18998.83,1.245100E+08,27008.67
1701381851,189203.22,9.863559E+08,213496.90,24000.65,1.247500E+08,27002.16
1701381861,205249.91,9.884083E+08,213479.09,26000.31,1.250100E+08,27000.00
1701381871,197755.43,9.903859E+08,213445.20,24999.32,1.252600E+08,26995.68
1701381881,213515.26,9.925211E+08,213445.35,26999.51,1.255300E+08,26995.69
1701381891,205769.14,9.945787E+08,213428.88,26001.37,1.257900E+08,26993.56
1701381901,205960.61,9.966383E+08,213412.89,25999.79,1.260500E+08,26991.43
1701381911,205775.24,9.986961E+08,213396.57,25999.46,1.263100E+08,26989.31
1701381921,213461.15,1.000831E+09,213396.71,27000.21,1.265800E+08,26989.33
1701381931,189145.68,1.002722E+09,213345.11,23999.55,1.268200E+08,26982.97
1701381941,221547.78,1.004938E+09,213362.52,28000.98,1.271000E+08,26985.13
1701381951,229674.37,1.007234E+09,213397.08,29001.22,1.273900E+08,26989.41
1701381961,221381.73,1.009448E+09,213413.96,27997.87,1.276700E+08,26991.54
1701381971,213442.26,1.011583E+09,213414.02,26999.89,1.279400E+08,26991.56
1701381981,181049.14,1.013393E+09,213345.89,23000.50,1.281700E+08,26983.15
1701381991,221569.12,1.015609E+09,213363.16,27998.81,1.284500E+08,26985.29
1701382001,213472.32,1.017744E+09,213363.39,27001.00,1.287200E+08,26985.32
1701382011,221491.88,1.019958E+09,213380.40,28000.30,1.290000E+08,26987.44
1701382021,221583.95,1.022174E+09,213397.52,28000.87,1.292800E+08,26989.56
1701382031,173606.26,1.023910E+09,213314.62,21999.22,1.295000E+08,26979.16
1701382041,229010.79,1.026200E+09,213347.25,29000.70,1.297900E+08,26983.36
1701382051,205750.88,1.028258E+09,213331.49,25998.82,1.300500E+08,26981.32
1701382061,221215.13,1.030470E+09,213347.81,28000.02,1.303300E+08,26983.43
1701382071,229486.91,1.032765E+09,213381.16,28999.70,1.306200E+08,26987.60
1701382081,221554.80,1.034980E+09,213398.01,28001.30,1.309000E+08,26989.69
1701382091,221447.82,1.037195E+09,213414.57,28000.20,1.311800E+08,26991.77
1701382101,229579.55,1.039491E+09,213447.77,29000.20,1.314700E+08,26995.89
1701382111,213535.80,1.041626E+09,213447.95,26998.74,1.317400E+08,26995.90
1701382121,213395.72,1.043760E+09,213447.84,26999.22,1.320100E+08,26995.90
1701382131,221287.95,1.045973E+09,213463.84,28000.83,1.322900E+08,26997.95
1701382141,236653.65,1.048340E+09,213511.07,30000.03,1.325900E+08,27004.07
1701382151,229254.64,1.050632E+09,213543.07,29000.82,1.328800E+08,27008.13
1701382161,221561.74,1.052848E+09,213559.33,27999.70,1.331600E+08,27010.14
1701382171,205326.45,1.054901E+09,213542.67,26001.32,1.334200E+08,27008.10
1701382181,229697.80,1.057198E+09,213575.31,28998.90,1.337100E+08,27012.12
1701382191,237304.92,1.059571E+09,213623.15,30000.33,1.340100E+08,27018.14
1701382201,205735.83,1.061628E+09,213607.28,26000.37,1.342700E+08,27016.09
1701382211,229052.72,1.063919E+09,213638.29,28999.93,1.345600E+08,27020.08
1701382221,189723.37,1.065816E+09,213590.36,23998.15,1.348000E+08,27014.02
1701382231,213359.65,1.067950E+09,213589.90,27001.16,1.350700E+08,27014.00
1701382241,221529.48,1.070165E+09,213605.75,27999.77,1.353500E+08,27015.96
1701382251,205333.53,1.072218E+09,213589.27,26000.85,1.356100E+08,27013.94
1701382261,197148.89,1.074190E+09,213556.59,24998.24,1.358600E+08,27009.93
1701382271,205817.24,1.076248E+09,213541.23,26000.06,1.361200E+08,27007.93
1701382281,213458.60,1.078383E+09,213541.07,27000.56,1.363900E+08,27007.92
1701382291,229203.47,1.080675E+09,213572.02,29000.98,1.366800E+08,27011.85
1701382301,205421.08,1.082729E+09,213555.94,25999.45,1.369400E+08,27009.86
1701382311,213439.99,1.084863E+09,213555.71,27000.54,1.372100E+08,27009.84
1701382321,229607.85,1.087159E+09,213587.25,28998.88,1.375000E+08,27013.75
1701382331,229705.08,1.089456E+09,213618.85,29000.74,1.377900E+08,27017.64
1701382341,221321.37,1.091670E+09,213633.93,27999.33,1.380700E+08,27019.56
1701382351,221203.84,1.093882E+09,213648.71,28001.22,1.383500E+08,27021.48
1701382361,205774.58,1.095939E+09,213633.36,26000.12,1.386100E+08,27019.49
1701382371,205568.33,1.097995E+09,213617.67,25999.11,1.388700E+08,27017.50
1701382381,229114.87,1.100286E+09,213647.76,29000.41,1.391600E+08,27021.36
1701382391,205930.04,1.102345E+09,213632.81,26000.80,1.394200E+08,27019.38
1701382401,205463.82,1.104400E+09,213617.01,25999.41,1.396800E+08,27017.40
1701382411,197338.01,1.106374E+09,213585.58,24999.13,1.399300E+08,27013.51
1701382421,221556.84,1.108589E+09,213600.94,28000.41,1.402100E+08,27015.41
1701382431,181607.55,1.110405E+09,213539.41,22999.61,1.404400E+08,27007.69
1701382441,213487.81,1.112540E+09,213539.31,26999.60,1.407100E+08,27007.67
1701382451,221337.09,1.114753E+09,213554.25,28000.67,1.409900E+08,27009.57
1701382461,190382.38,1.116657E+09,213509.94,24000.24,1.412300E+08,27003.82
1701382471,165493.91,1.118312E+09,213418.31,20999.68,1.414400E+08,26992.36
1701382481,198042.15,1.120293E+09,213389.02,24999.36,1.416900E+08,26988.56
1701382491,181560.78,1.122108E+09,213328.51,23001.53,1.419200E+08,26980.99
1701382501,174194.38,1.123850E+09,213254.26,22000.52,1.421400E+08,26971.54
1701382511,221075.68,1.126061E+09,213269.07,27998.68,1.424200E+08,26973.48
1701382521,236896.52,1.128430E+09,213313.74,30000.07,1.427200E+08,26979.20
1701382531,221563.69,1.130646E+09,213329.30,27998.71,1.430000E+08,26981.13
1701382541,221583.69,1.132861E+09,213344.85,28001.52,1.432800E+08,26983.05
1701382551,221536.79,1.135077E+09,213360.25,27998.58,1.435600E+08,26984.96
1701382561,229527.58,1.137372E+09,213390.58,29002.08,1.438500E+08,26988.74
1701382571,228793.77,1.139660E+09,213419.42,28998.53,1.441400E+08,26992.50
1701382581,221208.13,1.141872E+09,213433.98,28000.19,1.444200E+08,26994.39
1701382591,221252.58,1.144084E+09,213448.57,28000.61,1.447000E+08,26996.26
1701382601,205712.83,1.146142E+09,213434.16,26000.23,1.449600E+08,26994.41
1701382611,182513.21,1.147967E+09,213376.68,22998.64,1.451900E+08,26986.98
1701382621,236774.61,1.150334E+09,213420.09,30001.33,1.454900E+08,26992.57
1701382631,205852.21,1.152393E+09,213406.08,25999.87,1.457500E+08,26990.74
1701382641,197892.28,1.154372E+09,213377.40,24999.08,1.460000E+08,26987.05
1701382651,197333.87,1.156345E+09,213347.80,25001.72,1.462500E+08,26983.39
1701382661,213394.45,1.158479E+09,213347.89,26998.56,1.465200E+08,26983.42
1701382671,213514.01,1.160614E+09,213348.19,26999.75,1.467900E+08,26983.45
1701382681,229803.20,1.162912E+09,213378.38,29001.82,1.470800E+08,26987.15
1701382691,221275.07,1.165125E+09,213392.85,27998.15,1.473600E+08,26989.00
1701382701,213576.29,1.167261E+09,213393.18,27000.25,1.476300E+08,26989.03
1701382711,228836.49,1.169549E+09,213421.36,29001.91,1.479200E+08,26992.70
1701382721,221183.73,1.171761E+09,213435.50,28000.40,1.482000E+08,26994.53
1701382731,228971.95,1.174051E+09,213463.75,28998.09,1.484900E+08,26998.18
1701382741,221662.06,1.176267E+09,213478.63,28000.75,1.487700E+08,27000.00
1701382751,229588.73,1.178563E+09,213507.82,28998.34,1.490600E+08,27003.62
1701382761,237204.85,1.180935E+09,213550.67,30000.11,1.493600E+08,27009.04
1701382771,197596.38,1.182911E+09,213521.87,24999.85,1.496100E+08,27005.41
1701382781,237087.42,1.185282E+09,213564.33,30001.83,1.499100E+08,27010.81
1701382791,189813.49,1.187180E+09,213521.61,23998.65,1.501500E+08,27005.39
1701382801,229474.83,1.189475E+09,213550.25,29000.48,1.504400E+08,27008.97
1701382811,228894.80,1.191764E+09,213577.75,29000.43,1.507300E+08,27012.54
1701382821,221238.58,1.193976E+09,213591.45,27999.33,1.510100E+08,27014.31
1701382831,213482.38,1.196111E+09,213591.26,27000.92,1.512800E+08,27014.28
1701382841,190259.48,1.198014E+09,213549.67,24000.41,1.515200E+08,27008.91
1701382851,213395.40,1.200148E+09,213549.39,27000.94,1.517900E+08,27008.90
1701382861,213385.79,1.202282E+09,213549.10,26998.85,1.520600E+08,27008.88
1701382871,197225.32,1.204254E+09,213520.16,24999.31,1.523100E+08,27005.31
1701382881,213487.41,1.206389E+09,213520.10,27000.73,1.525800E+08,27005.31
1701382891,221550.75,1.208604E+09,213534.29,28000.04,1.528600E+08,27007.06
1701382901,213477.74,1.210739E+09,213534.19,27000.16,1.531300E+08,27007.05
1701382911,221604.66,1.212955E+09,213548.40,28000.53,1.534100E+08,27008.80
1701382921,205387.51,1.215009E+09,213534.06,26000.44,1.536700E+08,27007.03
1701382931,197212.08,1.216981E+09,213505.42,24998.63,1.539200E+08,27003.50
1701382941,213516.88,1.219116E+09,213505.44,26999.04,1.541900E+08,27003.50
1701382951,221480.44,1.221331E+09,213519.38,28000.50,1.544700E+08,27005.24
1701382961,197771.94,1.223309E+09,213491.90,24999.73,1.547200E+08,27001.74
1701382971,205695.21,1.225366E+09,213478.32,25999.99,1.549800E+08,26999.99
1701382981,173772.75,1.227103E+09,213409.27,22001.41,1.552000E+08,26991.30
1701382991,189832.09,1.229002E+09,213368.33,23999.97,1.554400E+08,26986.11
1701383001,229239.17,1.231294E+09,213395.84,28998.35,1.557300E+08,26989.60
1701383011,237851.41,1.233673E+09,213438.15,30002.36,1.560300E+08,26994.81
1701383021,236954.56,1.236042E+09,213478.77,29997.74,1.563300E+08,26999.99
1701383031,205849.80,1.238101E+09,213465.61,26000.71,1.565900E+08,26998.27
1701383041,228936.00,1.240390E+09,213492.24,29000.77,1.568800E+08,27001.72
1701383051,229046.43,1.242681E+09,213518.97,28998.65,1.571700E+08,27005.15
1701383061,205812.64,1.244739E+09,213505.75,26000.99,1.574300E+08,27003.43
1701383071,213533.85,1.246874E+09,213505.80,27000.83,1.577000E+08,27003.42
1701383081,213476.54,1.249009E+09,213505.75,26998.71,1.579700E+08,27003.42
1701383091,229254.26,1.251301E+09,213532.62,29000.17,1.582600E+08,27006.82
1701383101,229576.81,1.253597E+09,213559.96,28998.56,1.585500E+08,27010.22
1701383111,229728.02,1.255895E+09,213587.45,28999.67,1.588400E+08,27013.60
1701383121,197350.68,1.257868E+09,213559.89,25000.07,1.590900E+08,27010.18
1701383131,237660.24,1.260244E+09,213600.73,30001.70,1.593900E+08,27015.25
1701383141,189299.81,1.262137E+09,213559.61,24000.07,1.596300E+08,27010.15
1701383151,229561.03,1.264433E+09,213586.64,28999.70,1.599200E+08,27013.51
1701383161,213509.43,1.266568E+09,213586.51,26999.00,1.601900E+08,27013.49
1701383171,197340.44,1.268542E+09,213559.16,25000.90,1.604400E+08,27010.10
1701383181,237865.04,1.270920E+09,213600.02,29999.90,1.607400E+08,27015.12
1701383191,221202.22,1.273132E+09,213612.77,28001.64,1.610200E+08,27016.78
1701383201,221143.82,1.275344E+09,213625.38,27998.85,1.613000E+08,27018.42
1701383211,213437.22,1.277478E+09,213625.07,26999.29,1.615700E+08,27018.39
1701383221,221199.30,1.279690E+09,213637.72,27999.20,1.618500E+08,27020.03
1701383231,229007.49,1.281980E+09,213663.33,29000.66,1.621400E+08,27023.33
1701383241,221621.45,1.284196E+09,213676.57,27999.31,1.624200E+08,27024.95
1701383251,229634.65,1.286493E+09,213703.08,29001.05,1.627100E+08,27028.24
1701383261,221634.83,1.288709E+09,213716.23,27999.15,1.629900E+08,27029.85
1701383271,221462.04,1.290924E+09,213729.06,28001.41,1.632700E+08,27031.45
1701383281,221207.52,1.293136E+09,213741.42,27998.69,1.635500E+08,27033.05
1701383291,228927.37,1.295425E+09,213766.48,29000.69,1.638400E+08,27036.30
1701383301,221171.13,1.297637E+09,213778.68,27999.54,1.641200E+08,27037.89
1701383311,237444.96,1.300011E+09,213817.60,30000.26,1.644200E+08,27042.76
1701383321,229693.84,1.302308E+09,213843.67,29001.38,1.647100E+08,27045.97
1701383331,213413.62,1.304442E+09,213842.97,27000.70,1.649800E+08,27045.90
1701383341,236961.86,1.306812E+09,213880.81,29997.59,1.652800E+08,27050.73
1701383351,173879.22,1.308551E+09,213815.44,21999.83,1.655000E+08,27042.48
1701383361,205403.93,1.310605E+09,213801.72,26002.07,1.657600E+08,27040.78
1701383371,221540.62,1.312820E+09,213814.33,27998.89,1.660400E+08,27042.34
1701383381,229764.22,1.315118E+09,213840.26,28999.43,1.663300E+08,27045.52
1701383391,229283.22,1.317411E+09,213865.33,29000.00,1.666200E+08,27048.70
1701383401,236603.59,1.319777E+09,213902.18,30001.22,1.669200E+08,27053.48
1701383411,205694.46,1.321834E+09,213888.90,25998.91,1.671800E+08,27051.78
1701383421,205937.72,1.323893E+09,213876.06,25999.85,1.674400E+08,27050.08
1701383431,205866.30,1.325952E+09,213863.14,26001.47,1.677000E+08,27048.39
1701383441,221169.13,1.328163E+09,213874.90,28000.46,1.679800E+08,27049.92
1701383451,213586.23,1.330299E+09,213874.44,26997.80,1.682500E+08,27049.83
1701383461,236681.31,1.332666E+09,213911.05,30001.61,1.685500E+08,27054.57
1701383471,221320.99,1.334879E+09,213922.92,27998.62,1.688300E+08,27056.09
1701383481,229640.19,1.337176E+09,213948.07,29000.23,1.691200E+08,27059.20
1701383491,221544.57,1.339391E+09,213960.20,27999.53,1.694000E+08,27060.70
1701383501,229558.01,1.341687E+09,213985.08,29002.45,1.696900E+08,27063.79
1701383511,221180.26,1.343898E+09,213996.54,27998.12,1.699700E+08,27065.28
1701383521,213506.92,1.346033E+09,213995.76,27001.14,1.702400E+08,27065.18
1701383531,189531.02,1.347929E+09,213956.93,24000.18,1.704800E+08,27060.32
1701383541,189392.10,1.349823E+09,213918.00,24000.46,1.707200E+08,27055.47
1701383551,205767.67,1.351880E+09,213905.10,25998.93,1.709800E+08,27053.79
1701383561,174222.86,1.353623E+09,213842.41,21999.09,1.712000E+08,27045.81
1701383571,221509.99,1.355838E+09,213854.50,28000.06,1.714800E+08,27047.31
1701383581,229448.03,1.358132E+09,213879.06,29000.18,1.717700E+08,27050.39
1701383591,205504.21,1.360187E+09,213865.89,25999.91,1.720300E+08,27048.74
1701383601,229306.66,1.362480E+09,213890.13,29000.61,1.723200E+08,27051.80
1701383611,228795.51,1.364768E+09,213913.49,29000.01,1.726100E+08,27054.86
1701383621,229181.51,1.367060E+09,213937.38,29001.71,1.729000E+08,27057.90
1701383631,221620.11,1.369276E+09,213949.39,27999.77,1.731800E+08,27059.37
1701383641,221599.70,1.371492E+09,213961.32,27997.61,1.734600E+08,27060.84
1701383651,221504.83,1.373707E+09,213973.07,28001.68,1.737400E+08,27062.30
1701383661,221551.05,1.375923E+09,213984.86,27998.65,1.740200E+08,27063.76
1701383671,213429.50,1.378057E+09,213984.00,27000.35,1.742900E+08,27063.66
1701383681,221315.72,1.380270E+09,213995.36,28000.98,1.745700E+08,27065.11
1701383691,221188.55,1.382482E+09,214006.50,28000.94,1.748500E+08,27066.56
1701383701,228900.83,1.384771E+09,214029.52,28997.84,1.751400E+08,27069.55
1701383711,237421.28,1.387145E+09,214065.62,30000.54,1.754400E+08,27074.07
1701383721,213495.18,1.389280E+09,214064.74,27000.77,1.757100E+08,27073.96
1701383731,189407.16,1.391174E+09,214026.80,23998.64,1.759500E+08,27069.23
1701383741,229545.90,1.393470E+09,214050.64,29000.46,1.762400E+08,27072.19
1701383751,229660.60,1.395767E+09,214074.58,28999.13,1.765300E+08,27075.15
1701383761,221580.70,1.397982E+09,214086.08,28002.10,1.768100E+08,27076.57
1701383771,221501.72,1.400197E+09,214097.42,27999.60,1.770900E+08,27077.98
1701383781,229040.95,1.402488E+09,214120.23,28998.20,1.773800E+08,27080.91
1701383791,228955.32,1.404777E+09,214142.85,28999.95,1.776700E+08,27083.84
1701383801,245374.42,1.407231E+09,214190.38,31002.95,1.779800E+08,27089.80
1701383811,205319.80,1.409284E+09,214176.90,25999.04,1.782400E+08,27088.14
1701383821,197483.06,1.411259E+09,214151.56,24999.22,1.784900E+08,27084.97
1701383831,229367.62,1.413553E+09,214174.62,29001.15,1.787800E+08,27087.88
1701383841,229693.41,1.415850E+09,214198.10,28998.12,1.790700E+08,27090.77
1701383851,221563.19,1.418065E+09,214209.22,28001.87,1.793500E+08,27092.14
1701383861,229241.15,1.420358E+09,214231.90,28999.20,1.796400E+08,27095.02
1701383871,197674.13,1.422334E+09,214206.96,25001.50,1.798900E+08,27091.87
1701383881,229223.99,1.424627E+09,214229.54,28997.89,1.801800E+08,27094.73
1701383891,236535.22,1.426992E+09,214263.04,30000.02,1.804800E+08,27099.10
1701383901,213554.63,1.429128E+09,214261.97,27000.18,1.807500E+08,27098.95
1701383911,197965.17,1.431107E+09,214237.58,24999.10,1.810000E+08,27095.80
1701383921,228938.75,1.433397E+09,214259.55,29000.63,1.812900E+08,27098.65
[worker 0] backoffs took a total of 0.000000sec of runtime

Summary:
loaded 1435179422 metrics in 6697.713sec with 1 workers (mean rate 214279.03 metrics/sec)
loaded 181515490 rows in 6697.713sec with 1 workers (mean rate 27101.11 rows/sec)